vector	position	Fcount	Rcount	sum
pK184	1	0	0	0
pK184	2	0	0	0
pK184	3	0	0	0
pK184	4	0	0	0
pK184	5	0	0	0
pK184	6	0	0	0
pK184	7	0	0	0
pK184	8	0	0	0
pK184	9	0	0	0
pK184	10	0	0	0
pK184	11	0	0	0
pK184	12	0	0	0
pK184	13	0	0	0
pK184	14	0	0	0
pK184	15	0	0	0
pK184	16	0	0	0
pK184	17	0	0	0
pK184	18	0	0	0
pK184	19	0	0	0
pK184	20	0	0	0
pK184	21	0	0	0
pK184	22	0	0	0
pK184	23	0	0	0
pK184	24	0	0	0
pK184	25	0	0	0
pK184	26	0	0	0
pK184	27	0	0	0
pK184	28	0	0	0
pK184	29	0	0	0
pK184	30	0	0	0
pK184	31	0	0	0
pK184	32	0	0	0
pK184	33	0	0	0
pK184	34	0	0	0
pK184	35	0	0	0
pK184	36	0	0	0
pK184	37	0	0	0
pK184	38	0	0	0
pK184	39	0	0	0
pK184	40	0	0	0
pK184	41	0	0	0
pK184	42	0	0	0
pK184	43	0	0	0
pK184	44	0	0	0
pK184	45	0	0	0
pK184	46	0	0	0
pK184	47	0	0	0
pK184	48	0	0	0
pK184	49	1	0	1
pK184	50	0	0	0
pK184	51	0	0	0
pK184	52	0	0	0
pK184	53	0	0	0
pK184	54	0	0	0
pK184	55	0	0	0
pK184	56	0	0	0
pK184	57	0	0	0
pK184	58	0	0	0
pK184	59	0	0	0
pK184	60	0	0	0
pK184	61	0	0	0
pK184	62	0	0	0
pK184	63	1	0	1
pK184	64	0	0	0
pK184	65	0	0	0
pK184	66	0	0	0
pK184	67	0	0	0
pK184	68	0	0	0
pK184	69	0	0	0
pK184	70	1	0	1
pK184	71	0	0	0
pK184	72	1	0	1
pK184	73	0	0	0
pK184	74	0	0	0
pK184	75	0	0	0
pK184	76	0	0	0
pK184	77	0	0	0
pK184	78	0	0	0
pK184	79	0	0	0
pK184	80	0	0	0
pK184	81	0	0	0
pK184	82	0	0	0
pK184	83	0	0	0
pK184	84	0	0	0
pK184	85	0	0	0
pK184	86	0	0	0
pK184	87	0	0	0
pK184	88	0	0	0
pK184	89	0	0	0
pK184	90	0	0	0
pK184	91	0	0	0
pK184	92	0	0	0
pK184	93	0	0	0
pK184	94	1	0	1
pK184	95	0	0	0
pK184	96	0	0	0
pK184	97	0	0	0
pK184	98	0	0	0
pK184	99	0	0	0
pK184	100	0	0	0
pK184	101	0	0	0
pK184	102	0	0	0
pK184	103	0	0	0
pK184	104	0	0	0
pK184	105	0	0	0
pK184	106	0	0	0
pK184	107	0	0	0
pK184	108	0	0	0
pK184	109	0	0	0
pK184	110	0	0	0
pK184	111	0	0	0
pK184	112	0	0	0
pK184	113	0	0	0
pK184	114	0	0	0
pK184	115	0	0	0
pK184	116	0	0	0
pK184	117	0	0	0
pK184	118	0	0	0
pK184	119	0	0	0
pK184	120	0	0	0
pK184	121	0	0	0
pK184	122	0	0	0
pK184	123	0	0	0
pK184	124	0	0	0
pK184	125	0	0	0
pK184	126	0	0	0
pK184	127	0	0	0
pK184	128	0	0	0
pK184	129	0	0	0
pK184	130	0	0	0
pK184	131	0	0	0
pK184	132	0	0	0
pK184	133	1	0	1
pK184	134	0	0	0
pK184	135	0	0	0
pK184	136	0	0	0
pK184	137	0	0	0
pK184	138	0	0	0
pK184	139	0	0	0
pK184	140	0	0	0
pK184	141	0	0	0
pK184	142	0	0	0
pK184	143	0	1	1
pK184	144	0	0	0
pK184	145	0	0	0
pK184	146	0	0	0
pK184	147	0	0	0
pK184	148	0	0	0
pK184	149	0	0	0
pK184	150	0	0	0
pK184	151	0	0	0
pK184	152	0	0	0
pK184	153	0	0	0
pK184	154	0	0	0
pK184	155	0	0	0
pK184	156	0	0	0
pK184	157	0	0	0
pK184	158	0	0	0
pK184	159	0	0	0
pK184	160	0	0	0
pK184	161	0	0	0
pK184	162	0	0	0
pK184	163	0	0	0
pK184	164	0	0	0
pK184	165	0	0	0
pK184	166	0	0	0
pK184	167	0	0	0
pK184	168	0	0	0
pK184	169	0	0	0
pK184	170	0	0	0
pK184	171	0	0	0
pK184	172	0	0	0
pK184	173	0	0	0
pK184	174	0	0	0
pK184	175	0	0	0
pK184	176	0	0	0
pK184	177	0	0	0
pK184	178	0	0	0
pK184	179	0	0	0
pK184	180	0	0	0
pK184	181	0	0	0
pK184	182	0	0	0
pK184	183	0	0	0
pK184	184	0	1	1
pK184	185	0	0	0
pK184	186	0	0	0
pK184	187	0	0	0
pK184	188	0	0	0
pK184	189	0	0	0
pK184	190	0	0	0
pK184	191	0	0	0
pK184	192	0	0	0
pK184	193	0	0	0
pK184	194	0	1	1
pK184	195	0	0	0
pK184	196	0	0	0
pK184	197	0	0	0
pK184	198	0	0	0
pK184	199	0	0	0
pK184	200	0	0	0
pK184	201	0	0	0
pK184	202	0	0	0
pK184	203	0	0	0
pK184	204	0	0	0
pK184	205	0	0	0
pK184	206	0	0	0
pK184	207	0	0	0
pK184	208	0	0	0
pK184	209	0	0	0
pK184	210	0	0	0
pK184	211	0	0	0
pK184	212	0	0	0
pK184	213	0	0	0
pK184	214	1	0	1
pK184	215	0	0	0
pK184	216	0	0	0
pK184	217	0	0	0
pK184	218	0	0	0
pK184	219	0	1	1
pK184	220	0	0	0
pK184	221	0	0	0
pK184	222	0	0	0
pK184	223	0	0	0
pK184	224	0	0	0
pK184	225	0	0	0
pK184	226	0	0	0
pK184	227	0	0	0
pK184	228	0	0	0
pK184	229	0	0	0
pK184	230	0	0	0
pK184	231	0	0	0
pK184	232	0	0	0
pK184	233	0	0	0
pK184	234	0	0	0
pK184	235	0	0	0
pK184	236	0	0	0
pK184	237	0	0	0
pK184	238	0	0	0
pK184	239	0	0	0
pK184	240	0	0	0
pK184	241	0	0	0
pK184	242	0	0	0
pK184	243	0	0	0
pK184	244	0	0	0
pK184	245	0	0	0
pK184	246	0	0	0
pK184	247	0	0	0
pK184	248	0	0	0
pK184	249	0	0	0
pK184	250	0	0	0
pK184	251	0	0	0
pK184	252	1	0	1
pK184	253	0	0	0
pK184	254	0	0	0
pK184	255	0	0	0
pK184	256	0	0	0
pK184	257	0	0	0
pK184	258	0	0	0
pK184	259	1	0	1
pK184	260	1	0	1
pK184	261	0	0	0
pK184	262	0	0	0
pK184	263	0	0	0
pK184	264	0	0	0
pK184	265	0	0	0
pK184	266	0	0	0
pK184	267	0	0	0
pK184	268	0	0	0
pK184	269	0	0	0
pK184	270	0	0	0
pK184	271	0	0	0
pK184	272	0	0	0
pK184	273	0	0	0
pK184	274	0	0	0
pK184	275	0	0	0
pK184	276	0	0	0
pK184	277	0	0	0
pK184	278	0	0	0
pK184	279	0	0	0
pK184	280	0	0	0
pK184	281	0	0	0
pK184	282	0	0	0
pK184	283	0	0	0
pK184	284	0	0	0
pK184	285	0	0	0
pK184	286	0	0	0
pK184	287	0	0	0
pK184	288	0	0	0
pK184	289	0	0	0
pK184	290	0	0	0
pK184	291	0	0	0
pK184	292	0	0	0
pK184	293	0	0	0
pK184	294	0	0	0
pK184	295	0	0	0
pK184	296	0	0	0
pK184	297	0	0	0
pK184	298	0	0	0
pK184	299	0	0	0
pK184	300	0	0	0
pK184	301	0	0	0
pK184	302	0	0	0
pK184	303	0	0	0
pK184	304	0	0	0
pK184	305	0	0	0
pK184	306	0	0	0
pK184	307	0	0	0
pK184	308	0	0	0
pK184	309	0	0	0
pK184	310	0	0	0
pK184	311	0	0	0
pK184	312	0	0	0
pK184	313	0	0	0
pK184	314	0	0	0
pK184	315	0	0	0
pK184	316	0	0	0
pK184	317	0	0	0
pK184	318	0	0	0
pK184	319	0	0	0
pK184	320	0	0	0
pK184	321	0	0	0
pK184	322	0	0	0
pK184	323	0	0	0
pK184	324	0	0	0
pK184	325	0	0	0
pK184	326	0	0	0
pK184	327	0	0	0
pK184	328	0	0	0
pK184	329	0	0	0
pK184	330	0	0	0
pK184	331	0	0	0
pK184	332	0	0	0
pK184	333	0	0	0
pK184	334	0	0	0
pK184	335	0	0	0
pK184	336	0	0	0
pK184	337	0	0	0
pK184	338	0	0	0
pK184	339	0	0	0
pK184	340	0	0	0
pK184	341	0	0	0
pK184	342	0	0	0
pK184	343	0	0	0
pK184	344	0	0	0
pK184	345	0	0	0
pK184	346	0	0	0
pK184	347	0	0	0
pK184	348	0	0	0
pK184	349	0	0	0
pK184	350	0	0	0
pK184	351	0	0	0
pK184	352	0	0	0
pK184	353	0	0	0
pK184	354	0	0	0
pK184	355	0	0	0
pK184	356	0	0	0
pK184	357	0	0	0
pK184	358	0	0	0
pK184	359	0	0	0
pK184	360	0	0	0
pK184	361	0	0	0
pK184	362	0	0	0
pK184	363	0	0	0
pK184	364	0	0	0
pK184	365	0	0	0
pK184	366	0	0	0
pK184	367	0	0	0
pK184	368	0	0	0
pK184	369	0	0	0
pK184	370	0	0	0
pK184	371	0	0	0
pK184	372	0	0	0
pK184	373	0	0	0
pK184	374	0	0	0
pK184	375	0	0	0
pK184	376	0	0	0
pK184	377	0	0	0
pK184	378	0	0	0
pK184	379	0	0	0
pK184	380	0	0	0
pK184	381	0	0	0
pK184	382	0	0	0
pK184	383	0	0	0
pK184	384	0	0	0
pK184	385	0	0	0
pK184	386	0	0	0
pK184	387	0	0	0
pK184	388	0	0	0
pK184	389	0	0	0
pK184	390	0	0	0
pK184	391	0	0	0
pK184	392	0	0	0
pK184	393	0	0	0
pK184	394	0	0	0
pK184	395	0	0	0
pK184	396	0	0	0
pK184	397	0	0	0
pK184	398	0	0	0
pK184	399	0	0	0
pK184	400	0	0	0
pK184	401	0	0	0
pK184	402	0	0	0
pK184	403	0	0	0
pK184	404	0	0	0
pK184	405	0	0	0
pK184	406	0	0	0
pK184	407	0	0	0
pK184	408	0	0	0
pK184	409	0	0	0
pK184	410	0	0	0
pK184	411	0	0	0
pK184	412	0	0	0
pK184	413	0	0	0
pK184	414	0	0	0
pK184	415	0	0	0
pK184	416	0	0	0
pK184	417	0	0	0
pK184	418	0	0	0
pK184	419	0	0	0
pK184	420	0	0	0
pK184	421	0	0	0
pK184	422	0	0	0
pK184	423	0	0	0
pK184	424	0	0	0
pK184	425	0	0	0
pK184	426	0	0	0
pK184	427	0	0	0
pK184	428	0	0	0
pK184	429	0	0	0
pK184	430	0	0	0
pK184	431	0	0	0
pK184	432	0	0	0
pK184	433	0	0	0
pK184	434	0	0	0
pK184	435	0	0	0
pK184	436	0	0	0
pK184	437	0	0	0
pK184	438	0	0	0
pK184	439	0	0	0
pK184	440	0	0	0
pK184	441	0	0	0
pK184	442	0	0	0
pK184	443	0	0	0
pK184	444	0	0	0
pK184	445	0	0	0
pK184	446	0	0	0
pK184	447	0	0	0
pK184	448	0	0	0
pK184	449	0	0	0
pK184	450	0	0	0
pK184	451	0	0	0
pK184	452	0	0	0
pK184	453	0	0	0
pK184	454	0	0	0
pK184	455	0	0	0
pK184	456	0	0	0
pK184	457	0	0	0
pK184	458	0	0	0
pK184	459	0	0	0
pK184	460	0	0	0
pK184	461	0	0	0
pK184	462	0	0	0
pK184	463	0	0	0
pK184	464	0	0	0
pK184	465	0	0	0
pK184	466	0	0	0
pK184	467	0	0	0
pK184	468	0	0	0
pK184	469	0	0	0
pK184	470	0	0	0
pK184	471	0	0	0
pK184	472	0	0	0
pK184	473	0	0	0
pK184	474	0	0	0
pK184	475	0	0	0
pK184	476	0	0	0
pK184	477	0	0	0
pK184	478	0	0	0
pK184	479	0	0	0
pK184	480	0	0	0
pK184	481	0	0	0
pK184	482	0	0	0
pK184	483	0	0	0
pK184	484	0	0	0
pK184	485	0	0	0
pK184	486	0	0	0
pK184	487	0	0	0
pK184	488	0	0	0
pK184	489	0	0	0
pK184	490	0	0	0
pK184	491	0	0	0
pK184	492	0	0	0
pK184	493	0	0	0
pK184	494	0	0	0
pK184	495	0	0	0
pK184	496	0	0	0
pK184	497	0	0	0
pK184	498	0	0	0
pK184	499	0	0	0
pK184	500	0	0	0
pK184	501	0	0	0
pK184	502	0	0	0
pK184	503	0	0	0
pK184	504	0	0	0
pK184	505	0	0	0
pK184	506	0	0	0
pK184	507	0	0	0
pK184	508	0	0	0
pK184	509	0	0	0
pK184	510	0	0	0
pK184	511	0	0	0
pK184	512	0	0	0
pK184	513	0	0	0
pK184	514	0	0	0
pK184	515	0	0	0
pK184	516	0	0	0
pK184	517	0	0	0
pK184	518	0	0	0
pK184	519	0	0	0
pK184	520	0	0	0
pK184	521	0	0	0
pK184	522	0	0	0
pK184	523	0	0	0
pK184	524	0	0	0
pK184	525	0	0	0
pK184	526	0	0	0
pK184	527	0	0	0
pK184	528	0	0	0
pK184	529	0	0	0
pK184	530	0	0	0
pK184	531	0	0	0
pK184	532	0	0	0
pK184	533	0	0	0
pK184	534	0	0	0
pK184	535	0	0	0
pK184	536	0	0	0
pK184	537	0	0	0
pK184	538	0	0	0
pK184	539	0	0	0
pK184	540	0	0	0
pK184	541	0	0	0
pK184	542	0	0	0
pK184	543	0	0	0
pK184	544	0	0	0
pK184	545	0	0	0
pK184	546	0	0	0
pK184	547	0	0	0
pK184	548	0	0	0
pK184	549	0	0	0
pK184	550	0	0	0
pK184	551	0	0	0
pK184	552	0	0	0
pK184	553	0	0	0
pK184	554	0	0	0
pK184	555	0	0	0
pK184	556	0	0	0
pK184	557	0	0	0
pK184	558	0	0	0
pK184	559	0	0	0
pK184	560	0	0	0
pK184	561	0	0	0
pK184	562	0	0	0
pK184	563	0	0	0
pK184	564	0	0	0
pK184	565	0	0	0
pK184	566	0	0	0
pK184	567	0	0	0
pK184	568	0	0	0
pK184	569	0	0	0
pK184	570	0	0	0
pK184	571	0	0	0
pK184	572	0	0	0
pK184	573	0	0	0
pK184	574	0	0	0
pK184	575	0	0	0
pK184	576	0	0	0
pK184	577	0	0	0
pK184	578	0	0	0
pK184	579	0	0	0
pK184	580	0	0	0
pK184	581	0	0	0
pK184	582	0	0	0
pK184	583	0	0	0
pK184	584	0	0	0
pK184	585	0	0	0
pK184	586	0	0	0
pK184	587	0	0	0
pK184	588	0	0	0
pK184	589	0	0	0
pK184	590	0	0	0
pK184	591	0	0	0
pK184	592	0	0	0
pK184	593	0	0	0
pK184	594	0	0	0
pK184	595	0	0	0
pK184	596	0	0	0
pK184	597	0	0	0
pK184	598	0	0	0
pK184	599	0	0	0
pK184	600	0	0	0
pK184	601	0	0	0
pK184	602	0	0	0
pK184	603	0	0	0
pK184	604	0	0	0
pK184	605	0	0	0
pK184	606	0	0	0
pK184	607	0	0	0
pK184	608	0	0	0
pK184	609	0	0	0
pK184	610	0	0	0
pK184	611	0	0	0
pK184	612	0	0	0
pK184	613	0	0	0
pK184	614	0	0	0
pK184	615	0	0	0
pK184	616	0	0	0
pK184	617	0	0	0
pK184	618	0	0	0
pK184	619	0	0	0
pK184	620	0	0	0
pK184	621	0	0	0
pK184	622	0	0	0
pK184	623	0	0	0
pK184	624	0	0	0
pK184	625	0	0	0
pK184	626	0	0	0
pK184	627	0	0	0
pK184	628	0	0	0
pK184	629	0	0	0
pK184	630	0	0	0
pK184	631	0	0	0
pK184	632	0	0	0
pK184	633	0	0	0
pK184	634	0	0	0
pK184	635	0	0	0
pK184	636	0	0	0
pK184	637	0	0	0
pK184	638	0	0	0
pK184	639	0	0	0
pK184	640	0	0	0
pK184	641	0	0	0
pK184	642	0	0	0
pK184	643	0	0	0
pK184	644	0	0	0
pK184	645	0	0	0
pK184	646	0	0	0
pK184	647	0	0	0
pK184	648	0	0	0
pK184	649	0	0	0
pK184	650	0	0	0
pK184	651	0	0	0
pK184	652	0	0	0
pK184	653	0	0	0
pK184	654	0	0	0
pK184	655	0	0	0
pK184	656	0	0	0
pK184	657	0	0	0
pK184	658	0	0	0
pK184	659	0	0	0
pK184	660	0	0	0
pK184	661	0	0	0
pK184	662	0	0	0
pK184	663	0	0	0
pK184	664	0	0	0
pK184	665	0	0	0
pK184	666	0	0	0
pK184	667	0	0	0
pK184	668	0	0	0
pK184	669	0	0	0
pK184	670	0	0	0
pK184	671	0	0	0
pK184	672	0	0	0
pK184	673	0	0	0
pK184	674	0	0	0
pK184	675	0	0	0
pK184	676	0	0	0
pK184	677	0	0	0
pK184	678	0	0	0
pK184	679	0	0	0
pK184	680	0	0	0
pK184	681	0	0	0
pK184	682	0	0	0
pK184	683	0	0	0
pK184	684	0	0	0
pK184	685	0	0	0
pK184	686	0	0	0
pK184	687	0	0	0
pK184	688	0	0	0
pK184	689	0	0	0
pK184	690	0	0	0
pK184	691	0	0	0
pK184	692	0	0	0
pK184	693	0	0	0
pK184	694	0	0	0
pK184	695	0	0	0
pK184	696	0	0	0
pK184	697	0	0	0
pK184	698	0	0	0
pK184	699	0	0	0
pK184	700	0	0	0
pK184	701	0	0	0
pK184	702	0	0	0
pK184	703	0	0	0
pK184	704	0	0	0
pK184	705	0	0	0
pK184	706	0	0	0
pK184	707	0	0	0
pK184	708	0	0	0
pK184	709	0	0	0
pK184	710	0	0	0
pK184	711	0	0	0
pK184	712	0	0	0
pK184	713	0	0	0
pK184	714	0	0	0
pK184	715	0	0	0
pK184	716	0	0	0
pK184	717	0	0	0
pK184	718	0	0	0
pK184	719	0	0	0
pK184	720	0	0	0
pK184	721	0	0	0
pK184	722	0	0	0
pK184	723	0	0	0
pK184	724	0	0	0
pK184	725	0	0	0
pK184	726	0	0	0
pK184	727	0	0	0
pK184	728	0	0	0
pK184	729	0	0	0
pK184	730	0	0	0
pK184	731	0	0	0
pK184	732	0	0	0
pK184	733	0	0	0
pK184	734	0	0	0
pK184	735	0	0	0
pK184	736	0	0	0
pK184	737	0	0	0
pK184	738	0	0	0
pK184	739	0	0	0
pK184	740	0	0	0
pK184	741	0	0	0
pK184	742	0	0	0
pK184	743	0	0	0
pK184	744	0	0	0
pK184	745	0	0	0
pK184	746	0	0	0
pK184	747	0	0	0
pK184	748	0	0	0
pK184	749	0	0	0
pK184	750	0	0	0
pK184	751	0	0	0
pK184	752	0	0	0
pK184	753	0	0	0
pK184	754	0	0	0
pK184	755	0	0	0
pK184	756	0	0	0
pK184	757	0	0	0
pK184	758	0	0	0
pK184	759	0	0	0
pK184	760	0	0	0
pK184	761	0	0	0
pK184	762	0	0	0
pK184	763	0	0	0
pK184	764	0	0	0
pK184	765	0	0	0
pK184	766	0	0	0
pK184	767	0	0	0
pK184	768	0	0	0
pK184	769	0	0	0
pK184	770	0	0	0
pK184	771	0	0	0
pK184	772	0	0	0
pK184	773	0	0	0
pK184	774	0	0	0
pK184	775	0	0	0
pK184	776	0	0	0
pK184	777	0	0	0
pK184	778	0	0	0
pK184	779	0	0	0
pK184	780	0	0	0
pK184	781	0	0	0
pK184	782	0	0	0
pK184	783	0	0	0
pK184	784	0	0	0
pK184	785	0	0	0
pK184	786	0	0	0
pK184	787	0	0	0
pK184	788	0	0	0
pK184	789	0	0	0
pK184	790	0	0	0
pK184	791	0	0	0
pK184	792	0	0	0
pK184	793	0	0	0
pK184	794	0	0	0
pK184	795	0	0	0
pK184	796	0	0	0
pK184	797	0	0	0
pK184	798	0	0	0
pK184	799	0	0	0
pK184	800	0	0	0
pK184	801	0	0	0
pK184	802	0	0	0
pK184	803	0	0	0
pK184	804	0	0	0
pK184	805	0	0	0
pK184	806	0	0	0
pK184	807	0	0	0
pK184	808	0	0	0
pK184	809	0	0	0
pK184	810	0	0	0
pK184	811	0	0	0
pK184	812	0	0	0
pK184	813	0	0	0
pK184	814	0	0	0
pK184	815	0	0	0
pK184	816	0	0	0
pK184	817	0	0	0
pK184	818	0	0	0
pK184	819	0	0	0
pK184	820	0	0	0
pK184	821	0	0	0
pK184	822	0	0	0
pK184	823	0	0	0
pK184	824	0	0	0
pK184	825	0	0	0
pK184	826	0	0	0
pK184	827	0	0	0
pK184	828	0	0	0
pK184	829	0	0	0
pK184	830	0	0	0
pK184	831	0	0	0
pK184	832	0	0	0
pK184	833	0	0	0
pK184	834	0	0	0
pK184	835	0	0	0
pK184	836	0	0	0
pK184	837	0	0	0
pK184	838	0	0	0
pK184	839	0	0	0
pK184	840	0	0	0
pK184	841	0	0	0
pK184	842	0	0	0
pK184	843	0	0	0
pK184	844	0	0	0
pK184	845	0	0	0
pK184	846	0	0	0
pK184	847	0	0	0
pK184	848	0	0	0
pK184	849	0	0	0
pK184	850	0	0	0
pK184	851	0	0	0
pK184	852	0	0	0
pK184	853	0	0	0
pK184	854	0	0	0
pK184	855	0	0	0
pK184	856	0	0	0
pK184	857	0	0	0
pK184	858	0	0	0
pK184	859	0	0	0
pK184	860	0	0	0
pK184	861	0	0	0
pK184	862	0	0	0
pK184	863	0	0	0
pK184	864	0	0	0
pK184	865	0	0	0
pK184	866	0	0	0
pK184	867	0	0	0
pK184	868	0	0	0
pK184	869	0	0	0
pK184	870	0	0	0
pK184	871	0	0	0
pK184	872	0	0	0
pK184	873	0	0	0
pK184	874	0	0	0
pK184	875	0	0	0
pK184	876	0	0	0
pK184	877	0	0	0
pK184	878	0	0	0
pK184	879	0	0	0
pK184	880	0	0	0
pK184	881	0	0	0
pK184	882	0	0	0
pK184	883	0	0	0
pK184	884	0	0	0
pK184	885	0	0	0
pK184	886	0	0	0
pK184	887	0	0	0
pK184	888	0	0	0
pK184	889	0	0	0
pK184	890	0	0	0
pK184	891	0	0	0
pK184	892	0	0	0
pK184	893	0	0	0
pK184	894	0	0	0
pK184	895	0	0	0
pK184	896	0	0	0
pK184	897	0	0	0
pK184	898	0	0	0
pK184	899	0	0	0
pK184	900	0	0	0
pK184	901	0	0	0
pK184	902	0	0	0
pK184	903	0	0	0
pK184	904	0	0	0
pK184	905	0	0	0
pK184	906	0	0	0
pK184	907	0	0	0
pK184	908	0	0	0
pK184	909	0	0	0
pK184	910	0	0	0
pK184	911	0	0	0
pK184	912	0	0	0
pK184	913	0	0	0
pK184	914	0	0	0
pK184	915	0	0	0
pK184	916	0	0	0
pK184	917	0	0	0
pK184	918	0	0	0
pK184	919	0	0	0
pK184	920	0	0	0
pK184	921	0	0	0
pK184	922	0	0	0
pK184	923	0	0	0
pK184	924	0	0	0
pK184	925	0	0	0
pK184	926	0	0	0
pK184	927	0	0	0
pK184	928	0	0	0
pK184	929	0	0	0
pK184	930	0	0	0
pK184	931	0	0	0
pK184	932	0	0	0
pK184	933	0	0	0
pK184	934	0	0	0
pK184	935	0	0	0
pK184	936	0	0	0
pK184	937	0	0	0
pK184	938	0	0	0
pK184	939	0	0	0
pK184	940	0	0	0
pK184	941	0	0	0
pK184	942	0	0	0
pK184	943	0	0	0
pK184	944	0	0	0
pK184	945	0	0	0
pK184	946	0	0	0
pK184	947	0	0	0
pK184	948	0	0	0
pK184	949	0	0	0
pK184	950	0	0	0
pK184	951	0	0	0
pK184	952	0	0	0
pK184	953	0	0	0
pK184	954	0	0	0
pK184	955	0	0	0
pK184	956	0	0	0
pK184	957	0	0	0
pK184	958	0	0	0
pK184	959	0	0	0
pK184	960	0	0	0
pK184	961	0	0	0
pK184	962	0	0	0
pK184	963	0	0	0
pK184	964	0	0	0
pK184	965	0	0	0
pK184	966	0	0	0
pK184	967	0	0	0
pK184	968	0	0	0
pK184	969	0	0	0
pK184	970	0	0	0
pK184	971	0	0	0
pK184	972	0	0	0
pK184	973	0	0	0
pK184	974	0	0	0
pK184	975	0	0	0
pK184	976	0	0	0
pK184	977	0	0	0
pK184	978	0	0	0
pK184	979	0	0	0
pK184	980	0	0	0
pK184	981	0	0	0
pK184	982	0	0	0
pK184	983	0	0	0
pK184	984	0	0	0
pK184	985	0	0	0
pK184	986	0	0	0
pK184	987	0	0	0
pK184	988	0	0	0
pK184	989	0	0	0
pK184	990	0	0	0
pK184	991	0	0	0
pK184	992	0	0	0
pK184	993	0	0	0
pK184	994	0	0	0
pK184	995	0	0	0
pK184	996	0	0	0
pK184	997	0	0	0
pK184	998	0	0	0
pK184	999	0	0	0
pK184	1000	0	0	0
pK184	1001	0	0	0
pK184	1002	0	0	0
pK184	1003	0	0	0
pK184	1004	0	0	0
pK184	1005	0	0	0
pK184	1006	0	0	0
pK184	1007	0	0	0
pK184	1008	0	0	0
pK184	1009	0	0	0
pK184	1010	0	0	0
pK184	1011	0	0	0
pK184	1012	0	0	0
pK184	1013	0	0	0
pK184	1014	0	0	0
pK184	1015	0	0	0
pK184	1016	0	0	0
pK184	1017	0	0	0
pK184	1018	0	0	0
pK184	1019	0	0	0
pK184	1020	0	0	0
pK184	1021	0	0	0
pK184	1022	0	0	0
pK184	1023	0	0	0
pK184	1024	0	0	0
pK184	1025	0	0	0
pK184	1026	0	0	0
pK184	1027	0	0	0
pK184	1028	0	0	0
pK184	1029	0	0	0
pK184	1030	0	0	0
pK184	1031	0	0	0
pK184	1032	0	0	0
pK184	1033	0	0	0
pK184	1034	0	0	0
pK184	1035	0	0	0
pK184	1036	0	0	0
pK184	1037	0	0	0
pK184	1038	0	0	0
pK184	1039	0	0	0
pK184	1040	0	0	0
pK184	1041	0	0	0
pK184	1042	0	0	0
pK184	1043	0	0	0
pK184	1044	0	0	0
pK184	1045	0	0	0
pK184	1046	0	0	0
pK184	1047	0	0	0
pK184	1048	0	0	0
pK184	1049	0	0	0
pK184	1050	0	0	0
pK184	1051	0	0	0
pK184	1052	0	0	0
pK184	1053	0	0	0
pK184	1054	0	0	0
pK184	1055	0	0	0
pK184	1056	0	0	0
pK184	1057	0	0	0
pK184	1058	0	0	0
pK184	1059	0	0	0
pK184	1060	0	0	0
pK184	1061	0	0	0
pK184	1062	0	0	0
pK184	1063	0	0	0
pK184	1064	0	0	0
pK184	1065	0	0	0
pK184	1066	0	0	0
pK184	1067	0	0	0
pK184	1068	0	0	0
pK184	1069	0	0	0
pK184	1070	0	0	0
pK184	1071	0	0	0
pK184	1072	0	0	0
pK184	1073	0	0	0
pK184	1074	0	0	0
pK184	1075	0	0	0
pK184	1076	0	0	0
pK184	1077	0	0	0
pK184	1078	0	0	0
pK184	1079	0	0	0
pK184	1080	0	0	0
pK184	1081	0	0	0
pK184	1082	0	0	0
pK184	1083	0	0	0
pK184	1084	0	0	0
pK184	1085	0	0	0
pK184	1086	0	0	0
pK184	1087	0	0	0
pK184	1088	0	0	0
pK184	1089	0	0	0
pK184	1090	0	0	0
pK184	1091	0	0	0
pK184	1092	0	0	0
pK184	1093	0	0	0
pK184	1094	0	0	0
pK184	1095	0	0	0
pK184	1096	0	0	0
pK184	1097	0	0	0
pK184	1098	0	0	0
pK184	1099	0	0	0
pK184	1100	0	0	0
pK184	1101	0	0	0
pK184	1102	0	0	0
pK184	1103	0	0	0
pK184	1104	0	0	0
pK184	1105	0	0	0
pK184	1106	0	0	0
pK184	1107	0	0	0
pK184	1108	0	0	0
pK184	1109	0	0	0
pK184	1110	0	0	0
pK184	1111	0	0	0
pK184	1112	0	0	0
pK184	1113	0	0	0
pK184	1114	0	0	0
pK184	1115	0	0	0
pK184	1116	0	0	0
pK184	1117	0	0	0
pK184	1118	0	0	0
pK184	1119	0	0	0
pK184	1120	0	0	0
pK184	1121	0	0	0
pK184	1122	0	0	0
pK184	1123	0	0	0
pK184	1124	0	0	0
pK184	1125	0	0	0
pK184	1126	0	0	0
pK184	1127	0	0	0
pK184	1128	0	0	0
pK184	1129	0	0	0
pK184	1130	0	0	0
pK184	1131	0	0	0
pK184	1132	0	0	0
pK184	1133	0	0	0
pK184	1134	0	0	0
pK184	1135	0	0	0
pK184	1136	0	0	0
pK184	1137	0	0	0
pK184	1138	0	0	0
pK184	1139	0	0	0
pK184	1140	0	0	0
pK184	1141	0	0	0
pK184	1142	0	0	0
pK184	1143	0	0	0
pK184	1144	0	0	0
pK184	1145	0	0	0
pK184	1146	0	0	0
pK184	1147	0	0	0
pK184	1148	0	0	0
pK184	1149	0	0	0
pK184	1150	0	0	0
pK184	1151	0	0	0
pK184	1152	0	0	0
pK184	1153	0	0	0
pK184	1154	0	0	0
pK184	1155	0	0	0
pK184	1156	0	0	0
pK184	1157	0	0	0
pK184	1158	1	0	1
pK184	1159	0	0	0
pK184	1160	0	0	0
pK184	1161	0	0	0
pK184	1162	0	0	0
pK184	1163	0	0	0
pK184	1164	0	0	0
pK184	1165	0	0	0
pK184	1166	0	0	0
pK184	1167	0	0	0
pK184	1168	0	0	0
pK184	1169	0	0	0
pK184	1170	0	0	0
pK184	1171	0	0	0
pK184	1172	0	0	0
pK184	1173	0	0	0
pK184	1174	0	0	0
pK184	1175	0	0	0
pK184	1176	0	0	0
pK184	1177	0	1	1
pK184	1178	0	0	0
pK184	1179	0	0	0
pK184	1180	0	0	0
pK184	1181	0	0	0
pK184	1182	0	0	0
pK184	1183	0	0	0
pK184	1184	0	0	0
pK184	1185	0	0	0
pK184	1186	0	0	0
pK184	1187	0	0	0
pK184	1188	0	0	0
pK184	1189	0	0	0
pK184	1190	0	0	0
pK184	1191	0	0	0
pK184	1192	0	0	0
pK184	1193	0	0	0
pK184	1194	0	0	0
pK184	1195	0	0	0
pK184	1196	0	1	1
pK184	1197	0	0	0
pK184	1198	0	0	0
pK184	1199	0	0	0
pK184	1200	0	0	0
pK184	1201	0	0	0
pK184	1202	0	0	0
pK184	1203	0	0	0
pK184	1204	0	0	0
pK184	1205	0	0	0
pK184	1206	0	0	0
pK184	1207	0	0	0
pK184	1208	0	0	0
pK184	1209	1	0	1
pK184	1210	0	0	0
pK184	1211	0	0	0
pK184	1212	0	0	0
pK184	1213	0	0	0
pK184	1214	0	1	1
pK184	1215	0	0	0
pK184	1216	0	0	0
pK184	1217	0	0	0
pK184	1218	0	0	0
pK184	1219	0	0	0
pK184	1220	0	0	0
pK184	1221	0	0	0
pK184	1222	0	0	0
pK184	1223	0	0	0
pK184	1224	0	0	0
pK184	1225	0	0	0
pK184	1226	0	0	0
pK184	1227	0	2	2
pK184	1228	0	0	0
pK184	1229	0	0	0
pK184	1230	0	0	0
pK184	1231	0	0	0
pK184	1232	0	0	0
pK184	1233	0	0	0
pK184	1234	0	0	0
pK184	1235	0	0	0
pK184	1236	0	0	0
pK184	1237	0	0	0
pK184	1238	0	0	0
pK184	1239	0	0	0
pK184	1240	0	0	0
pK184	1241	0	0	0
pK184	1242	0	0	0
pK184	1243	0	0	0
pK184	1244	0	1	1
pK184	1245	0	0	0
pK184	1246	0	0	0
pK184	1247	0	0	0
pK184	1248	0	0	0
pK184	1249	0	0	0
pK184	1250	0	0	0
pK184	1251	0	0	0
pK184	1252	0	0	0
pK184	1253	0	0	0
pK184	1254	0	0	0
pK184	1255	0	0	0
pK184	1256	0	0	0
pK184	1257	0	0	0
pK184	1258	0	0	0
pK184	1259	0	0	0
pK184	1260	0	0	0
pK184	1261	0	0	0
pK184	1262	0	0	0
pK184	1263	0	0	0
pK184	1264	0	0	0
pK184	1265	0	0	0
pK184	1266	0	0	0
pK184	1267	0	0	0
pK184	1268	0	0	0
pK184	1269	0	1	1
pK184	1270	0	0	0
pK184	1271	0	0	0
pK184	1272	0	0	0
pK184	1273	0	0	0
pK184	1274	0	0	0
pK184	1275	0	0	0
pK184	1276	0	0	0
pK184	1277	0	0	0
pK184	1278	0	0	0
pK184	1279	0	0	0
pK184	1280	0	0	0
pK184	1281	0	0	0
pK184	1282	0	0	0
pK184	1283	0	0	0
pK184	1284	0	0	0
pK184	1285	0	0	0
pK184	1286	0	0	0
pK184	1287	0	0	0
pK184	1288	0	0	0
pK184	1289	0	0	0
pK184	1290	0	0	0
pK184	1291	0	0	0
pK184	1292	0	0	0
pK184	1293	0	0	0
pK184	1294	0	0	0
pK184	1295	0	0	0
pK184	1296	0	0	0
pK184	1297	0	0	0
pK184	1298	0	0	0
pK184	1299	0	0	0
pK184	1300	0	1	1
pK184	1301	0	0	0
pK184	1302	0	0	0
pK184	1303	0	0	0
pK184	1304	0	0	0
pK184	1305	0	0	0
pK184	1306	0	0	0
pK184	1307	0	0	0
pK184	1308	0	0	0
pK184	1309	0	0	0
pK184	1310	0	0	0
pK184	1311	0	0	0
pK184	1312	0	0	0
pK184	1313	0	0	0
pK184	1314	0	0	0
pK184	1315	0	0	0
pK184	1316	0	0	0
pK184	1317	0	0	0
pK184	1318	0	0	0
pK184	1319	0	0	0
pK184	1320	0	0	0
pK184	1321	0	0	0
pK184	1322	0	0	0
pK184	1323	0	0	0
pK184	1324	0	0	0
pK184	1325	0	0	0
pK184	1326	0	0	0
pK184	1327	0	0	0
pK184	1328	0	0	0
pK184	1329	0	0	0
pK184	1330	0	0	0
pK184	1331	0	0	0
pK184	1332	0	0	0
pK184	1333	0	0	0
pK184	1334	0	0	0
pK184	1335	0	0	0
pK184	1336	0	0	0
pK184	1337	0	0	0
pK184	1338	0	0	0
pK184	1339	0	0	0
pK184	1340	0	0	0
pK184	1341	0	0	0
pK184	1342	0	0	0
pK184	1343	0	0	0
pK184	1344	0	0	0
pK184	1345	0	0	0
pK184	1346	0	0	0
pK184	1347	0	0	0
pK184	1348	0	0	0
pK184	1349	0	0	0
pK184	1350	0	0	0
pK184	1351	0	0	0
pK184	1352	0	0	0
pK184	1353	0	0	0
pK184	1354	0	0	0
pK184	1355	0	0	0
pK184	1356	0	0	0
pK184	1357	0	0	0
pK184	1358	0	0	0
pK184	1359	0	0	0
pK184	1360	0	0	0
pK184	1361	0	0	0
pK184	1362	0	0	0
pK184	1363	0	0	0
pK184	1364	0	0	0
pK184	1365	0	0	0
pK184	1366	0	0	0
pK184	1367	0	0	0
pK184	1368	0	0	0
pK184	1369	0	0	0
pK184	1370	0	0	0
pK184	1371	0	0	0
pK184	1372	0	0	0
pK184	1373	0	0	0
pK184	1374	0	0	0
pK184	1375	0	0	0
pK184	1376	0	0	0
pK184	1377	0	0	0
pK184	1378	0	0	0
pK184	1379	0	0	0
pK184	1380	0	0	0
pK184	1381	0	0	0
pK184	1382	0	0	0
pK184	1383	0	0	0
pK184	1384	0	0	0
pK184	1385	0	0	0
pK184	1386	0	0	0
pK184	1387	0	0	0
pK184	1388	0	0	0
pK184	1389	0	0	0
pK184	1390	1	0	1
pK184	1391	0	0	0
pK184	1392	0	0	0
pK184	1393	0	0	0
pK184	1394	0	0	0
pK184	1395	1	0	1
pK184	1396	0	0	0
pK184	1397	0	0	0
pK184	1398	0	0	0
pK184	1399	0	0	0
pK184	1400	0	0	0
pK184	1401	0	0	0
pK184	1402	0	0	0
pK184	1403	0	0	0
pK184	1404	0	0	0
pK184	1405	0	0	0
pK184	1406	0	0	0
pK184	1407	0	0	0
pK184	1408	0	0	0
pK184	1409	0	0	0
pK184	1410	0	0	0
pK184	1411	0	0	0
pK184	1412	0	0	0
pK184	1413	0	0	0
pK184	1414	0	0	0
pK184	1415	0	0	0
pK184	1416	0	0	0
pK184	1417	0	0	0
pK184	1418	0	0	0
pK184	1419	0	0	0
pK184	1420	0	0	0
pK184	1421	0	0	0
pK184	1422	0	0	0
pK184	1423	0	0	0
pK184	1424	0	0	0
pK184	1425	0	0	0
pK184	1426	0	0	0
pK184	1427	0	0	0
pK184	1428	0	0	0
pK184	1429	0	0	0
pK184	1430	0	0	0
pK184	1431	0	0	0
pK184	1432	0	0	0
pK184	1433	0	0	0
pK184	1434	0	0	0
pK184	1435	0	0	0
pK184	1436	0	0	0
pK184	1437	0	0	0
pK184	1438	0	0	0
pK184	1439	0	0	0
pK184	1440	0	0	0
pK184	1441	0	0	0
pK184	1442	0	0	0
pK184	1443	0	0	0
pK184	1444	0	0	0
pK184	1445	0	0	0
pK184	1446	0	0	0
pK184	1447	0	0	0
pK184	1448	0	0	0
pK184	1449	0	0	0
pK184	1450	0	0	0
pK184	1451	0	0	0
pK184	1452	0	0	0
pK184	1453	0	0	0
pK184	1454	0	0	0
pK184	1455	0	0	0
pK184	1456	0	0	0
pK184	1457	0	0	0
pK184	1458	0	0	0
pK184	1459	0	0	0
pK184	1460	0	0	0
pK184	1461	0	0	0
pK184	1462	0	0	0
pK184	1463	0	0	0
pK184	1464	0	0	0
pK184	1465	0	0	0
pK184	1466	0	0	0
pK184	1467	0	0	0
pK184	1468	0	0	0
pK184	1469	0	0	0
pK184	1470	0	0	0
pK184	1471	0	0	0
pK184	1472	0	0	0
pK184	1473	0	0	0
pK184	1474	0	0	0
pK184	1475	0	0	0
pK184	1476	0	0	0
pK184	1477	0	0	0
pK184	1478	0	0	0
pK184	1479	0	0	0
pK184	1480	0	0	0
pK184	1481	0	0	0
pK184	1482	0	0	0
pK184	1483	0	0	0
pK184	1484	0	0	0
pK184	1485	0	0	0
pK184	1486	0	0	0
pK184	1487	0	0	0
pK184	1488	0	0	0
pK184	1489	0	0	0
pK184	1490	0	0	0
pK184	1491	0	0	0
pK184	1492	0	0	0
pK184	1493	0	0	0
pK184	1494	0	0	0
pK184	1495	0	0	0
pK184	1496	0	0	0
pK184	1497	0	0	0
pK184	1498	0	0	0
pK184	1499	0	0	0
pK184	1500	0	0	0
pK184	1501	0	0	0
pK184	1502	0	0	0
pK184	1503	0	0	0
pK184	1504	0	0	0
pK184	1505	0	0	0
pK184	1506	0	0	0
pK184	1507	0	0	0
pK184	1508	0	0	0
pK184	1509	0	0	0
pK184	1510	0	0	0
pK184	1511	0	0	0
pK184	1512	0	0	0
pK184	1513	0	0	0
pK184	1514	0	0	0
pK184	1515	0	0	0
pK184	1516	0	0	0
pK184	1517	0	0	0
pK184	1518	0	0	0
pK184	1519	0	0	0
pK184	1520	0	0	0
pK184	1521	0	0	0
pK184	1522	0	0	0
pK184	1523	0	0	0
pK184	1524	0	0	0
pK184	1525	0	0	0
pK184	1526	0	0	0
pK184	1527	0	0	0
pK184	1528	0	0	0
pK184	1529	0	0	0
pK184	1530	0	0	0
pK184	1531	0	0	0
pK184	1532	0	0	0
pK184	1533	0	0	0
pK184	1534	0	0	0
pK184	1535	0	0	0
pK184	1536	0	0	0
pK184	1537	0	0	0
pK184	1538	0	0	0
pK184	1539	0	0	0
pK184	1540	0	0	0
pK184	1541	0	0	0
pK184	1542	0	0	0
pK184	1543	0	0	0
pK184	1544	0	0	0
pK184	1545	0	0	0
pK184	1546	0	0	0
pK184	1547	0	0	0
pK184	1548	0	0	0
pK184	1549	0	0	0
pK184	1550	0	0	0
pK184	1551	0	0	0
pK184	1552	0	0	0
pK184	1553	0	0	0
pK184	1554	0	0	0
pK184	1555	0	0	0
pK184	1556	0	0	0
pK184	1557	0	0	0
pK184	1558	0	0	0
pK184	1559	0	0	0
pK184	1560	0	0	0
pK184	1561	0	0	0
pK184	1562	0	0	0
pK184	1563	0	0	0
pK184	1564	0	0	0
pK184	1565	0	0	0
pK184	1566	0	0	0
pK184	1567	0	0	0
pK184	1568	0	0	0
pK184	1569	0	0	0
pK184	1570	0	0	0
pK184	1571	0	0	0
pK184	1572	0	0	0
pK184	1573	0	0	0
pK184	1574	0	0	0
pK184	1575	0	0	0
pK184	1576	0	0	0
pK184	1577	0	0	0
pK184	1578	0	0	0
pK184	1579	0	0	0
pK184	1580	0	0	0
pK184	1581	0	0	0
pK184	1582	0	0	0
pK184	1583	0	0	0
pK184	1584	0	0	0
pK184	1585	0	0	0
pK184	1586	0	0	0
pK184	1587	0	0	0
pK184	1588	0	0	0
pK184	1589	0	0	0
pK184	1590	0	0	0
pK184	1591	0	0	0
pK184	1592	0	0	0
pK184	1593	0	0	0
pK184	1594	0	0	0
pK184	1595	0	0	0
pK184	1596	0	0	0
pK184	1597	0	0	0
pK184	1598	0	0	0
pK184	1599	0	0	0
pK184	1600	0	0	0
pK184	1601	0	0	0
pK184	1602	0	0	0
pK184	1603	0	0	0
pK184	1604	0	0	0
pK184	1605	0	0	0
pK184	1606	0	0	0
pK184	1607	0	0	0
pK184	1608	0	0	0
pK184	1609	0	0	0
pK184	1610	0	0	0
pK184	1611	0	0	0
pK184	1612	0	0	0
pK184	1613	0	0	0
pK184	1614	0	0	0
pK184	1615	0	0	0
pK184	1616	0	0	0
pK184	1617	0	0	0
pK184	1618	0	0	0
pK184	1619	0	0	0
pK184	1620	0	0	0
pK184	1621	0	0	0
pK184	1622	0	0	0
pK184	1623	0	0	0
pK184	1624	0	0	0
pK184	1625	0	0	0
pK184	1626	0	0	0
pK184	1627	0	0	0
pK184	1628	0	0	0
pK184	1629	0	0	0
pK184	1630	0	0	0
pK184	1631	0	0	0
pK184	1632	0	0	0
pK184	1633	0	0	0
pK184	1634	0	0	0
pK184	1635	0	0	0
pK184	1636	0	0	0
pK184	1637	0	0	0
pK184	1638	0	0	0
pK184	1639	0	0	0
pK184	1640	0	0	0
pK184	1641	0	0	0
pK184	1642	0	0	0
pK184	1643	0	0	0
pK184	1644	0	0	0
pK184	1645	0	0	0
pK184	1646	0	0	0
pK184	1647	0	0	0
pK184	1648	0	0	0
pK184	1649	0	0	0
pK184	1650	0	0	0
pK184	1651	0	0	0
pK184	1652	0	0	0
pK184	1653	0	0	0
pK184	1654	0	0	0
pK184	1655	0	0	0
pK184	1656	0	0	0
pK184	1657	0	0	0
pK184	1658	0	0	0
pK184	1659	0	0	0
pK184	1660	0	0	0
pK184	1661	0	0	0
pK184	1662	0	0	0
pK184	1663	0	0	0
pK184	1664	0	0	0
pK184	1665	0	0	0
pK184	1666	0	0	0
pK184	1667	0	0	0
pK184	1668	0	0	0
pK184	1669	0	0	0
pK184	1670	0	0	0
pK184	1671	0	0	0
pK184	1672	0	0	0
pK184	1673	0	0	0
pK184	1674	0	0	0
pK184	1675	0	0	0
pK184	1676	0	0	0
pK184	1677	0	0	0
pK184	1678	0	0	0
pK184	1679	0	0	0
pK184	1680	0	0	0
pK184	1681	0	0	0
pK184	1682	0	0	0
pK184	1683	0	0	0
pK184	1684	0	0	0
pK184	1685	0	0	0
pK184	1686	0	0	0
pK184	1687	0	0	0
pK184	1688	0	0	0
pK184	1689	0	0	0
pK184	1690	0	0	0
pK184	1691	0	0	0
pK184	1692	0	0	0
pK184	1693	0	0	0
pK184	1694	0	0	0
pK184	1695	0	0	0
pK184	1696	0	0	0
pK184	1697	0	0	0
pK184	1698	0	0	0
pK184	1699	0	0	0
pK184	1700	0	0	0
pK184	1701	0	0	0
pK184	1702	0	0	0
pK184	1703	0	0	0
pK184	1704	0	0	0
pK184	1705	0	0	0
pK184	1706	0	0	0
pK184	1707	0	0	0
pK184	1708	0	0	0
pK184	1709	0	0	0
pK184	1710	0	0	0
pK184	1711	0	0	0
pK184	1712	0	0	0
pK184	1713	0	0	0
pK184	1714	0	0	0
pK184	1715	0	0	0
pK184	1716	0	0	0
pK184	1717	0	0	0
pK184	1718	0	0	0
pK184	1719	0	0	0
pK184	1720	0	0	0
pK184	1721	0	0	0
pK184	1722	0	0	0
pK184	1723	0	0	0
pK184	1724	0	0	0
pK184	1725	0	0	0
pK184	1726	0	0	0
pK184	1727	0	0	0
pK184	1728	0	0	0
pK184	1729	0	0	0
pK184	1730	0	0	0
pK184	1731	0	0	0
pK184	1732	0	0	0
pK184	1733	0	0	0
pK184	1734	0	0	0
pK184	1735	0	0	0
pK184	1736	0	0	0
pK184	1737	0	0	0
pK184	1738	0	0	0
pK184	1739	0	0	0
pK184	1740	0	0	0
pK184	1741	0	0	0
pK184	1742	0	0	0
pK184	1743	0	0	0
pK184	1744	0	0	0
pK184	1745	0	0	0
pK184	1746	0	0	0
pK184	1747	0	0	0
pK184	1748	0	0	0
pK184	1749	0	0	0
pK184	1750	0	0	0
pK184	1751	0	0	0
pK184	1752	0	0	0
pK184	1753	0	0	0
pK184	1754	0	0	0
pK184	1755	0	0	0
pK184	1756	0	0	0
pK184	1757	0	0	0
pK184	1758	0	0	0
pK184	1759	0	0	0
pK184	1760	0	0	0
pK184	1761	0	0	0
pK184	1762	0	0	0
pK184	1763	0	0	0
pK184	1764	0	0	0
pK184	1765	0	0	0
pK184	1766	0	0	0
pK184	1767	0	0	0
pK184	1768	0	0	0
pK184	1769	0	0	0
pK184	1770	0	0	0
pK184	1771	0	0	0
pK184	1772	0	0	0
pK184	1773	0	0	0
pK184	1774	0	0	0
pK184	1775	0	0	0
pK184	1776	0	0	0
pK184	1777	0	0	0
pK184	1778	0	0	0
pK184	1779	0	0	0
pK184	1780	0	0	0
pK184	1781	0	0	0
pK184	1782	0	0	0
pK184	1783	0	0	0
pK184	1784	0	0	0
pK184	1785	0	0	0
pK184	1786	0	0	0
pK184	1787	0	0	0
pK184	1788	0	0	0
pK184	1789	0	0	0
pK184	1790	0	0	0
pK184	1791	0	0	0
pK184	1792	0	0	0
pK184	1793	0	0	0
pK184	1794	0	0	0
pK184	1795	0	0	0
pK184	1796	0	0	0
pK184	1797	0	0	0
pK184	1798	0	0	0
pK184	1799	0	0	0
pK184	1800	0	0	0
pK184	1801	0	0	0
pK184	1802	0	0	0
pK184	1803	0	0	0
pK184	1804	0	0	0
pK184	1805	0	0	0
pK184	1806	0	0	0
pK184	1807	0	0	0
pK184	1808	0	0	0
pK184	1809	0	0	0
pK184	1810	0	0	0
pK184	1811	0	0	0
pK184	1812	0	0	0
pK184	1813	0	0	0
pK184	1814	0	0	0
pK184	1815	0	0	0
pK184	1816	0	0	0
pK184	1817	0	0	0
pK184	1818	0	0	0
pK184	1819	0	0	0
pK184	1820	0	0	0
pK184	1821	0	0	0
pK184	1822	0	0	0
pK184	1823	0	0	0
pK184	1824	0	0	0
pK184	1825	0	0	0
pK184	1826	0	0	0
pK184	1827	0	0	0
pK184	1828	0	0	0
pK184	1829	0	0	0
pK184	1830	0	0	0
pK184	1831	0	0	0
pK184	1832	0	0	0
pK184	1833	0	0	0
pK184	1834	0	0	0
pK184	1835	0	0	0
pK184	1836	0	0	0
pK184	1837	0	0	0
pK184	1838	0	0	0
pK184	1839	0	0	0
pK184	1840	0	0	0
pK184	1841	1	0	1
pK184	1842	0	0	0
pK184	1843	0	0	0
pK184	1844	0	0	0
pK184	1845	0	0	0
pK184	1846	0	0	0
pK184	1847	0	0	0
pK184	1848	0	0	0
pK184	1849	0	0	0
pK184	1850	0	0	0
pK184	1851	0	0	0
pK184	1852	0	0	0
pK184	1853	0	0	0
pK184	1854	0	0	0
pK184	1855	0	0	0
pK184	1856	0	0	0
pK184	1857	0	0	0
pK184	1858	0	0	0
pK184	1859	0	0	0
pK184	1860	0	0	0
pK184	1861	0	0	0
pK184	1862	0	0	0
pK184	1863	0	0	0
pK184	1864	0	0	0
pK184	1865	0	0	0
pK184	1866	0	0	0
pK184	1867	0	0	0
pK184	1868	3	0	3
pK184	1869	0	0	0
pK184	1870	0	0	0
pK184	1871	0	0	0
pK184	1872	0	0	0
pK184	1873	0	3	3
pK184	1874	0	0	0
pK184	1875	0	0	0
pK184	1876	0	0	0
pK184	1877	0	0	0
pK184	1878	0	0	0
pK184	1879	0	0	0
pK184	1880	0	0	0
pK184	1881	0	0	0
pK184	1882	0	0	0
pK184	1883	0	0	0
pK184	1884	0	0	0
pK184	1885	0	0	0
pK184	1886	0	0	0
pK184	1887	0	0	0
pK184	1888	2	0	2
pK184	1889	0	0	0
pK184	1890	0	0	0
pK184	1891	0	0	0
pK184	1892	0	0	0
pK184	1893	0	2	2
pK184	1894	0	0	0
pK184	1895	0	0	0
pK184	1896	0	0	0
pK184	1897	0	0	0
pK184	1898	0	0	0
pK184	1899	0	0	0
pK184	1900	0	0	0
pK184	1901	0	0	0
pK184	1902	0	0	0
pK184	1903	0	0	0
pK184	1904	0	0	0
pK184	1905	0	0	0
pK184	1906	0	0	0
pK184	1907	0	0	0
pK184	1908	0	0	0
pK184	1909	0	0	0
pK184	1910	0	0	0
pK184	1911	0	0	0
pK184	1912	0	0	0
pK184	1913	0	0	0
pK184	1914	0	0	0
pK184	1915	0	0	0
pK184	1916	0	0	0
pK184	1917	0	0	0
pK184	1918	0	0	0
pK184	1919	0	1	1
pK184	1920	0	1	1
pK184	1921	0	0	0
pK184	1922	0	0	0
pK184	1923	0	0	0
pK184	1924	0	0	0
pK184	1925	0	0	0
pK184	1926	0	0	0
pK184	1927	0	0	0
pK184	1928	0	0	0
pK184	1929	0	0	0
pK184	1930	0	0	0
pK184	1931	0	0	0
pK184	1932	0	0	0
pK184	1933	0	0	0
pK184	1934	0	0	0
pK184	1935	0	0	0
pK184	1936	0	0	0
pK184	1937	0	0	0
pK184	1938	1	0	1
pK184	1939	0	0	0
pK184	1940	0	0	0
pK184	1941	0	0	0
pK184	1942	0	0	0
pK184	1943	0	0	0
pK184	1944	0	0	0
pK184	1945	0	0	0
pK184	1946	0	0	0
pK184	1947	0	0	0
pK184	1948	0	0	0
pK184	1949	0	0	0
pK184	1950	0	0	0
pK184	1951	0	0	0
pK184	1952	0	0	0
pK184	1953	0	0	0
pK184	1954	0	0	0
pK184	1955	0	0	0
pK184	1956	0	0	0
pK184	1957	0	0	0
pK184	1958	0	0	0
pK184	1959	1	0	1
pK184	1960	0	0	0
pK184	1961	0	0	0
pK184	1962	0	0	0
pK184	1963	1	0	1
pK184	1964	0	0	0
pK184	1965	0	0	0
pK184	1966	0	0	0
pK184	1967	0	0	0
pK184	1968	0	0	0
pK184	1969	0	0	0
pK184	1970	0	0	0
pK184	1971	0	0	0
pK184	1972	0	0	0
pK184	1973	0	0	0
pK184	1974	0	0	0
pK184	1975	0	0	0
pK184	1976	0	0	0
pK184	1977	0	0	0
pK184	1978	0	0	0
pK184	1979	0	0	0
pK184	1980	0	0	0
pK184	1981	0	0	0
pK184	1982	0	0	0
pK184	1983	0	0	0
pK184	1984	0	0	0
pK184	1985	0	0	0
pK184	1986	0	0	0
pK184	1987	0	0	0
pK184	1988	0	0	0
pK184	1989	0	0	0
pK184	1990	0	0	0
pK184	1991	0	0	0
pK184	1992	0	0	0
pK184	1993	0	0	0
pK184	1994	0	0	0
pK184	1995	0	0	0
pK184	1996	0	0	0
pK184	1997	0	0	0
pK184	1998	0	0	0
pK184	1999	0	0	0
pK184	2000	0	0	0
pK184	2001	0	0	0
pK184	2002	0	0	0
pK184	2003	0	0	0
pK184	2004	0	0	0
pK184	2005	0	0	0
pK184	2006	0	0	0
pK184	2007	0	0	0
pK184	2008	0	0	0
pK184	2009	0	0	0
pK184	2010	0	0	0
pK184	2011	0	0	0
pK184	2012	0	0	0
pK184	2013	0	0	0
pK184	2014	0	0	0
pK184	2015	0	0	0
pK184	2016	0	0	0
pK184	2017	0	0	0
pK184	2018	0	0	0
pK184	2019	0	0	0
pK184	2020	0	0	0
pK184	2021	0	0	0
pK184	2022	0	0	0
pK184	2023	0	0	0
pK184	2024	1	0	1
pK184	2025	0	0	0
pK184	2026	0	0	0
pK184	2027	0	0	0
pK184	2028	0	0	0
pK184	2029	0	3	3
pK184	2030	0	0	0
pK184	2031	0	0	0
pK184	2032	0	0	0
pK184	2033	0	0	0
pK184	2034	0	0	0
pK184	2035	0	0	0
pK184	2036	0	0	0
pK184	2037	0	0	0
pK184	2038	0	0	0
pK184	2039	0	0	0
pK184	2040	0	0	0
pK184	2041	0	0	0
pK184	2042	0	0	0
pK184	2043	0	0	0
pK184	2044	0	0	0
pK184	2045	1	0	1
pK184	2046	0	0	0
pK184	2047	0	0	0
pK184	2048	0	0	0
pK184	2049	0	0	0
pK184	2050	0	0	0
pK184	2051	0	0	0
pK184	2052	0	0	0
pK184	2053	0	0	0
pK184	2054	0	0	0
pK184	2055	0	0	0
pK184	2056	0	0	0
pK184	2057	0	0	0
pK184	2058	0	0	0
pK184	2059	0	0	0
pK184	2060	0	0	0
pK184	2061	0	0	0
pK184	2062	0	0	0
pK184	2063	0	0	0
pK184	2064	0	0	0
pK184	2065	0	0	0
pK184	2066	0	0	0
pK184	2067	0	0	0
pK184	2068	0	0	0
pK184	2069	0	0	0
pK184	2070	0	0	0
pK184	2071	0	0	0
pK184	2072	0	0	0
pK184	2073	0	0	0
pK184	2074	0	0	0
pK184	2075	0	0	0
pK184	2076	0	0	0
pK184	2077	0	0	0
pK184	2078	0	0	0
pK184	2079	0	0	0
pK184	2080	0	0	0
pK184	2081	0	0	0
pK184	2082	0	0	0
pK184	2083	0	0	0
pK184	2084	0	0	0
pK184	2085	0	0	0
pK184	2086	0	0	0
pK184	2087	0	0	0
pK184	2088	0	0	0
pK184	2089	0	0	0
pK184	2090	0	0	0
pK184	2091	0	0	0
pK184	2092	3	0	3
pK184	2093	1	0	1
pK184	2094	0	0	0
pK184	2095	0	0	0
pK184	2096	0	0	0
pK184	2097	0	2	2
pK184	2098	0	0	0
pK184	2099	0	0	0
pK184	2100	0	0	0
pK184	2101	0	0	0
pK184	2102	0	0	0
pK184	2103	0	0	0
pK184	2104	0	0	0
pK184	2105	0	0	0
pK184	2106	0	0	0
pK184	2107	0	0	0
pK184	2108	0	0	0
pK184	2109	0	0	0
pK184	2110	0	0	0
pK184	2111	0	0	0
pK184	2112	0	0	0
pK184	2113	0	1	1
pK184	2114	0	0	0
pK184	2115	0	0	0
pK184	2116	0	0	0
pK184	2117	0	0	0
pK184	2118	0	0	0
pK184	2119	0	1	1
pK184	2120	0	0	0
pK184	2121	0	0	0
pK184	2122	0	0	0
pK184	2123	0	0	0
pK184	2124	1	0	1
pK184	2125	0	0	0
pK184	2126	0	0	0
pK184	2127	0	0	0
pK184	2128	0	0	0
pK184	2129	0	0	0
pK184	2130	0	0	0
pK184	2131	0	1	1
pK184	2132	0	0	0
pK184	2133	0	0	0
pK184	2134	0	0	0
pK184	2135	0	0	0
pK184	2136	0	0	0
pK184	2137	0	0	0
pK184	2138	0	0	0
pK184	2139	0	0	0
pK184	2140	0	0	0
pK184	2141	0	0	0
pK184	2142	0	0	0
pK184	2143	0	0	0
pK184	2144	0	0	0
pK184	2145	0	0	0
pK184	2146	0	0	0
pK184	2147	0	0	0
pK184	2148	0	0	0
pK184	2149	0	0	0
pK184	2150	0	0	0
pK184	2151	0	0	0
pK184	2152	0	1	1
pK184	2153	0	0	0
pK184	2154	0	0	0
pK184	2155	0	0	0
pK184	2156	0	0	0
pK184	2157	0	0	0
pK184	2158	0	0	0
pK184	2159	0	0	0
pK184	2160	0	1	1
pK184	2161	0	0	0
pK184	2162	0	0	0
pK184	2163	0	0	0
pK184	2164	1	0	1
pK184	2165	0	0	0
pK184	2166	0	0	0
pK184	2167	0	0	0
pK184	2168	0	0	0
pK184	2169	0	0	0
pK184	2170	0	0	0
pK184	2171	0	0	0
pK184	2172	0	0	0
pK184	2173	0	0	0
pK184	2174	0	0	0
pK184	2175	0	0	0
pK184	2176	0	0	0
pK184	2177	0	0	0
pK184	2178	0	0	0
pK184	2179	0	0	0
pK184	2180	0	0	0
pK184	2181	0	0	0
pK184	2182	0	0	0
pK184	2183	0	0	0
pK184	2184	0	0	0
pK184	2185	0	0	0
pK184	2186	0	0	0
pK184	2187	0	0	0
pK184	2188	0	0	0
pK184	2189	0	0	0
pK184	2190	0	0	0
pK184	2191	0	0	0
pK184	2192	0	0	0
pK184	2193	0	0	0
pK184	2194	0	0	0
pK184	2195	0	0	0
pK184	2196	0	0	0
pK184	2197	0	0	0
pK184	2198	0	0	0
pK184	2199	0	0	0
pK184	2200	0	0	0
pK184	2201	0	0	0
pK184	2202	0	0	0
pK184	2203	0	0	0
pK184	2204	0	0	0
pK184	2205	0	0	0
pK184	2206	0	0	0
pK184	2207	2	0	2
pK184	2208	0	0	0
pK184	2209	0	0	0
pK184	2210	0	0	0
pK184	2211	0	0	0
pK184	2212	0	2	2
pK184	2213	0	0	0
pK184	2214	0	0	0
pK184	2215	0	0	0
pK184	2216	0	0	0
pK184	2217	0	0	0
pK184	2218	0	0	0
pK184	2219	0	1	1
pK184	2220	0	0	0
pK184	2221	0	0	0
pK184	2222	0	0	0
pK184	2223	0	0	0
pK184	2224	0	0	0
pK184	2225	0	0	0
pK184	2226	0	0	0
pK184	2227	0	0	0
pK184	2228	0	0	0
pK184	2229	0	0	0
pK184	2230	0	0	0
pK184	2231	0	0	0
pK184	2232	0	0	0
pK184	2233	0	0	0
pK184	2234	0	0	0
pK184	2235	0	0	0
pK184	2236	0	0	0
pK184	2237	0	0	0
pK184	2238	0	0	0
pK184	2239	0	0	0
pK184	2240	0	0	0
pK184	2241	0	0	0
pK184	2242	0	0	0
pK184	2243	0	0	0
pK184	2244	0	0	0
pK184	2245	0	0	0
pK184	2246	0	0	0
pK184	2247	0	0	0
pK184	2248	0	0	0
pK184	2249	0	0	0
pK184	2250	0	0	0
pK184	2251	0	0	0
pK184	2252	0	0	0
pK184	2253	0	0	0
pK184	2254	0	0	0
pK184	2255	0	0	0
pK184	2256	0	0	0
pK184	2257	0	0	0
pK184	2258	0	0	0
pK184	2259	0	0	0
pK184	2260	0	0	0
pK184	2261	0	0	0
pK184	2262	0	0	0
pK184	2263	0	0	0
pK184	2264	0	0	0
pK184	2265	0	0	0
pK184	2266	0	0	0
pK184	2267	0	0	0
pK184	2268	0	0	0
pK184	2269	0	0	0
pK184	2270	0	0	0
pK184	2271	0	0	0
pK184	2272	0	0	0
pK184	2273	0	0	0
pK184	2274	0	0	0
pK184	2275	0	0	0
pK184	2276	0	0	0
pK184	2277	0	0	0
pK184	2278	0	0	0
pK184	2279	0	0	0
pK184	2280	0	0	0
pK184	2281	0	0	0
pK184	2282	0	0	0
pK184	2283	0	0	0
pK184	2284	0	0	0
pK184	2285	0	0	0
pK184	2286	0	0	0
pK184	2287	0	0	0
pK184	2288	0	0	0
pK184	2289	0	0	0
pK184	2290	0	0	0
pK184	2291	0	0	0
pK184	2292	0	0	0
pK184	2293	0	0	0
pK184	2294	0	0	0
pK184	2295	0	0	0
pK184	2296	0	0	0
pK184	2297	0	0	0
pK184	2298	7	0	7
pK184	2299	3	0	3
pK184	2300	0	0	0
pK184	2301	0	0	0
pK184	2302	0	0	0
pK184	2303	0	5	5
pK184	2304	0	1	1
pK184	2305	0	0	0
pK184	2306	0	0	0
pK184	2307	0	0	0
pK184	2308	0	0	0
pK184	2309	0	0	0
pK184	2310	2	0	2
pK184	2311	2	0	2
pK184	2312	0	0	0
pK184	2313	0	0	0
pK184	2314	0	0	0
pK184	2315	0	4	4
pK184	2316	0	3	3
pK184	2317	0	0	0
pK184	2318	0	0	0
pK184	2319	0	0	0
pK184	2320	0	0	0
pK184	2321	0	0	0
pK184	2322	0	0	0
pK184	2323	0	0	0
pK184	2324	0	0	0
pK184	2325	0	0	0
pK184	2326	0	0	0
pK184	2327	0	0	0
pK184	2328	0	0	0
pK184	2329	0	0	0
pK184	2330	0	0	0
pK184	2331	0	0	0
pK184	2332	0	0	0
pK184	2333	0	0	0
pK184	2334	0	0	0
pK184	2335	0	0	0
pK184	2336	0	0	0
pK184	2337	0	0	0
pK184	2338	0	0	0
pK184	2339	0	0	0
pK184	2340	0	0	0
pK184	2341	0	0	0
pK184	2342	0	0	0
pK184	2343	0	1	1
pK184	2344	0	0	0
pK184	2345	0	0	0
pK184	2346	0	0	0
pK184	2347	0	0	0
pK184	2348	0	0	0
pK184	2349	0	0	0
pK184	2350	0	0	0
pK184	2351	0	0	0
pK184	2352	0	0	0
pK184	2353	0	0	0
pK184	2354	0	0	0
pK184	2355	0	0	0
pK184	2356	0	0	0
pK184	2357	0	0	0
pK184	2358	0	0	0
pK184	2359	0	0	0
pK184	2360	0	0	0
pK184	2361	0	0	0
pK184	2362	0	0	0
pK184	2363	0	0	0
pK184	2364	0	0	0
pK184	2365	0	0	0
pK184	2366	0	0	0
pK184	2367	0	0	0
pK184	2368	0	0	0
pK184	2369	0	0	0
pK184	2370	0	0	0
pK184	2371	0	0	0
pK184	2372	0	0	0
pK184	2373	0	0	0
pK184	2374	0	0	0
pK184	2375	0	1	1
pK184	2376	0	0	0
pK184	2377	0	0	0
pK184	2378	0	0	0
pK184	2379	0	0	0
pK184	2380	0	0	0
pK184	2381	0	1	1
pK184	2382	0	0	0
pK184	2383	0	0	0
pK184	2384	0	0	0
pK184	2385	0	0	0
pK184	2386	0	0	0
pK184	2387	0	0	0
pK184	2388	1	0	1
pK184	2389	1	0	1
pK184	2390	0	0	0
pK184	2391	0	0	0
pK184	2392	0	0	0
pK184	2393	0	0	0
pK184	2394	0	0	0
pK184	2395	0	0	0
pK184	2396	0	0	0
pK184	2397	0	0	0
pK184	2398	0	0	0
pK184	2399	0	0	0
pK184	2400	0	1	1
pK184	2401	0	0	0
pK184	2402	0	0	0
pK184	2403	0	0	0
pK184	2404	0	1	1
pK184	2405	0	0	0
pK184	2406	0	0	0
pK184	2407	0	0	0
pK184	2408	0	0	0
pK184	2409	0	0	0
pK184	2410	0	0	0
pK184	2411	0	0	0
pK184	2412	0	0	0
pK184	2413	0	0	0
pK184	2414	0	0	0
pK184	2415	0	0	0
pK184	2416	0	0	0
pK184	2417	0	0	0
pK184	2418	0	0	0
pK184	2419	0	0	0
pK184	2420	0	0	0
pK184	2421	0	0	0
pK184	2422	0	0	0
pK184	2423	0	0	0